100 0.003244756 0.011823957199999999 264.4% 3.2406540000000004E-4 0.0017451856000000002 438.53% 3.854688E-4 0.0033776484 776.24% 
200 0.016713582400000003 0.0258909336 54.91% 0.0021223546 0.0049485297999999995 133.16% 0.0025371860000000003 0.006747264600000001 165.93% 
300 0.0212658444 0.0403239222 89.62% 0.0054900072 0.0130363226 137.46% 0.0078661866 0.015025159200000002 91.01% 
400 0.0293511386 0.0544102662 85.38% 0.020978193 0.020722135799999996 -1.22% 0.0160980284 0.030226140200000008 87.76% 
500 0.037945154800000006 0.0654151802 72.39% 0.0325361866 0.039710956199999994 22.05% 0.0244048396 0.050841980200000005 108.33% 
600 0.0537735602 0.0831775336 54.68% 0.048094165800000005 0.062667454 30.3% 0.03884371860000001 0.06579234860000002 69.38% 
700 0.0700856088 0.1026686502 46.49% 0.0763337012 0.08693199339999999 13.88% 0.05675717140000001 0.0932832584 64.36% 
800 0.19866607679999998 0.1293172232 -34.91% 0.1113985948 0.12921574619999998 15.99% 0.0824341736 0.12323317140000004 49.49% 
900 0.23786197420000002 0.1806164288 -24.07% 0.2660662564 0.20857429179999998 -21.61% 0.1343237652 0.17073106040000002 27.1% 
1000 0.28722946260000004 0.259097116 -9.79% 0.30932033039999995 0.28118941 -9.09% 0.17444437680000002 0.21089299479999996 20.89% 
