100 0.00339684 0.008165894 2.142E-5 0.00111919 3.13266E-4 0.001286087 
200 0.005329987 0.014658357 9.0142E-5 0.001163815 2.51238E-4 0.001868441 
300 0.009123096 0.020316783 2.49006E-4 0.002126818 2.39189E-4 0.002673918 
400 0.003270106 0.02901862 6.26978E-4 0.001943857 0.001326249 0.006597332 
500 0.001561868 0.01291442 0.001099109 0.002557894 0.001248155 0.003884143 
600 0.002235257 0.004644996 0.001813998 0.003038057 0.007271166 0.003451283 
700 0.008410438 0.004180898 0.002361545 0.003976517 0.002465521 0.004675341 
800 0.003686456 0.014823469 0.00290329 0.005355869 0.003723494 0.008511736 
900 0.011445371 0.007145324 0.003529376 0.006286743 0.003643169 0.00639295 
1000 0.004730676 0.01977236 0.004638303 0.008320742 0.009992833 0.008120823 
1100 0.008324758 0.011095066 0.00561737 0.008679971 0.024055895 0.008524677 
1200 0.00665936 0.072447483 0.006496926 0.009856728 0.006758874 0.010696567 
1300 0.007484027 0.04049032 0.007637536 0.013096488 0.015343348 0.013032675 
1400 0.009126219 0.022652445 0.008676848 0.015091663 0.022149077 0.015912314 
1500 0.013008131 0.027712005 0.009945531 0.015450448 0.02014587 0.03040065 
1600 0.011513647 0.026321497 0.011252145 0.017733006 0.023164737 0.017718726 
1700 0.013068375 0.069001555 0.012856854 0.019057917 0.0323097 0.020308304 
1800 0.015510691 0.062818788 0.032108442 0.022505184 0.061148036 0.022395852 
1900 0.016331341 0.036794047 0.016142132 0.042946915 0.017623676 0.024988553 
2000 0.02574182 0.04304152 0.019112805 0.026501781 0.049430007 0.027367056 
2100 0.02003163 0.06453372 0.019387694 0.029777688 0.063153475 0.051375203 
2200 0.034045604 0.072568863 0.021668021 0.034715424 0.077107652 0.032719355 
2300 0.024666809 0.052463156 0.02358198 0.034027755 0.056917157 0.063190067 
2400 0.026898496 0.10419134 0.02569318 0.038539769 0.105493939 0.036954249 
2500 0.043597099 0.09452293 0.029268519 0.072178842 0.041614865 0.04422854 
2600 0.031007548 0.108467735 0.031731808 0.045333896 0.037403622 0.085197684 
2700 0.045612355 0.1051298 0.084356506 0.048936457 0.173854682 0.047115319 
2800 0.042690323 0.219559856 0.0354794 0.050634877 0.168246236 0.051808956 
2900 0.045406188 0.221316735 0.036707921 0.053975044 0.060593795 0.054450298 
3000 0.045447243 0.104986108 0.040158311 0.105979011 0.087558782 0.061639801 
3100 0.053092365 0.144323323 0.043337382 0.11366251 0.061144019 0.066320051 
3200 0.058227342 0.246857298 0.048471913 0.123944066 0.074901401 0.0683005 
3300 0.047915888 0.263077523 0.069859691 0.12187169 0.095646136 0.074347608 
3400 0.050253335 0.270444186 0.083780845 0.0739442 0.207461625 0.073518925 
3500 0.053899628 0.133267973 0.190549268 0.081504534 0.204743081 0.080480841 
3600 0.061144912 0.214629707 0.066457049 0.166310859 0.126846463 0.153209015 
3700 0.062761223 0.177466168 0.078981001 0.090118014 0.302691411 0.087405719 
3800 0.250575437 0.155429545 0.161380263 0.097328045 0.200015976 0.205694482 
3900 0.066518631 0.207219758 0.080913702 0.176296998 0.200891068 0.100519612 
4000 0.070356811 0.126692061 0.169054391 0.201327945 0.08770292 0.209119883 
4100 0.073486349 0.122810149 0.161374462 0.107915281 0.489318606 0.234110668 
4200 0.086736347 0.182879603 0.222049921 0.113072569 0.559252373 0.11356255 
4300 0.084539914 0.228180923 0.094921429 0.310203551 0.600981924 0.126163257 
4400 0.388622281 0.239575422 0.116369897 0.255710413 0.444364021 0.139513661 
4500 0.175486611 0.25672429 0.092197084 0.232853141 0.690216814 0.171078573 
4600 0.15944667 0.224778282 0.267822479 0.238513798 0.485194828 0.160312391 
4700 0.477745608 0.276185168 0.245489548 0.146926734 0.594295789 0.282188989 
4800 0.51160602 0.407387458 0.276853201 0.440998418 0.245448493 0.270359845 
4900 0.138013821 0.384802396 0.245725167 0.283649113 0.841779619 0.1767428 
5000 0.378956101 0.295905763 0.381900445 0.295956189 0.237220124 0.298429296 
5100 0.293706206 0.294950792 0.439816306 0.181209296 0.746838109 0.300652504 
5200 0.555619022 0.484213528 0.457012922 0.321745312 0.621288889 0.488618443 
5300 0.318366321 0.388634329 0.263155171 0.332837701 0.943622357 0.415545766 
5400 0.213488652 0.426305699 0.429974305 0.271243416 1.001704668 0.347711595 
5500 0.608867128 0.342255766 0.443211808 0.333071088 1.021375283 0.373504288 
5600 0.238620005 0.292172005 0.207652173 0.515215275 1.002711403 0.511789428 
5700 0.33705653 0.494580764 0.516006473 0.763147138 0.922448777 0.620509294 
5800 0.508744677 0.282808382 0.667592482 0.615713466 1.012611863 0.613359508 
5900 0.225021487 0.363452104 0.251580834 0.628909468 0.535129988 0.309577019 
6000 0.484666024 0.390914657 1.338735762 0.313284002 1.018994103 0.422571495 
